0,0,0			// 0   [background color 1]
0,0,0			// 1   [background color 2]
255,255,255		// 2   [top of spec]
255,255,255		// 3
255,255,255		// 4
255,255,255		// 5
255,255,255		// 6
255,255,255		// 7
255,255,255		// 8
255,255,255		// 9
255,255,255		// 10  [middle of spec]
255,255,255		// 11
255,255,255		// 12
255,255,255		// 13
255,255,255		// 14
255,255,255		// 15
255,255,255		// 16
255,255,255		// 17  [bottom of spec]
255,255,255		// 18  [osc 1]
255,255,255		// 19  [osc 2]
255,255,255		// 20  [osc 3]
255,255,255		// 21  [osc 4]
255,255,255		// 22  [osc 5]
255,255,255		// 23  [peak color]
