; Pocketamp:Clear transparency scheme
; by Gary Calpo

; gary@pinoyware.com
; http://www.pinoyware.com

; I generated these with a visual basic program I also wrote, but I've since deleted the code.  Maybe I'll make a "trans maker" program if I get bored.  But I wouldn't count on one any time soon.

[Normal]
NumPoints=4,4,4,4,4,4,4,4,4,4,4,4,4,4,4,4,4,4,4,4,4,4,4,4,6,5,4,4
PointList=229,0,229,14,275,14,275,0,   24,22,24,23,261,23,261,22,   22,24,22,25,263,25,263,24,   20,26,20,27,265,27,265,26,   19,28,19,29,266,29,266,28,   18,30,18,31,267,31,267,30,   18,32,18,33,267,33,267,32,   18,34,18,35,267,35,267,34,   18,36,18,37,267,37,267,36,   18,38,18,39,267,39,267,38,   18,40,18,41,267,41,267,40,   18,42,18,43,267,43,267,42,   18,44,18,45,267,45,267,44,   18,46,18,47,267,47,267,46,   18,48,18,49,267,49,267,48,   18,50,18,51,267,51,267,50,   18,52,18,53,107,53,107,52,   18,54,18,55,106,55,106,54,   18,56,18,57,105,57,105,56,   18,58,18,59,104,59,104,58,   18,60,18,61,103,61,103,60,   18,62,18,63,102,63,102,62,   18,64,18,65,101,65,101,64,    18,66,18,67,100,67,100,66,    14,68,14,100,18,104,265,104,269,100,269,68,   108,52,100,68,269,68,269,54,267,52,   16,66,14,68,269,68,269,66,   255,14,266,25,275,25,275,14,  

[WindowShade]
NumPoints=5,4,4,4,4,4,4,4,4
PointList=0,0,79,0,79,3,62,14,0,14,   275,0,275,14,165,14,165,0,  79,1,79,2,165,2,165,1,   79,3,79,4,165,4,165,3,   76,5,76,6,165,6,165,5,  73,7,73,8,165,8,165,7,   70,9,70,10,165,10,165,9,   67,11,67,12,165,12,165,11,  64,13,64,14,165,14,165,13

[Equalizer]
NumPoints=8
PointList=3,10, 187,10, 197,0, 275,0, 275,22, 267,30, 267,109, 3,109
